# relative_time, cycles_done, cur_item, corpus_count, pending_total, pending_favs, map_size, saved_crashes, saved_hangs, max_depth, execs_per_sec, total_execs, edges_found, total_crashes, servers_count
60, 2015, 4, 22, 0, 0, 15.12%, 2, 0, 2, 63671.25, 5059010, 78, 3, 0
65, 2155, 15, 22, 0, 0, 15.12%, 2, 0, 2, 73338.65, 5408937, 78, 3, 0
70, 2328, 21, 22, 0, 0, 15.12%, 2, 0, 2, 82230.16, 5842012, 78, 3, 0
75, 2483, 16, 22, 0, 0, 15.12%, 2, 0, 2, 77712.64, 6230237, 78, 3, 0
80, 2653, 21, 22, 0, 0, 15.12%, 2, 0, 2, 83571.76, 6654237, 78, 3, 0
85, 2794, 16, 22, 0, 0, 15.12%, 2, 0, 2, 72589.38, 7005637, 78, 3, 0
90, 2926, 16, 22, 0, 0, 15.12%, 2, 0, 2, 63321.85, 7332262, 78, 3, 0
95, 3071, 15, 22, 0, 0, 15.12%, 2, 0, 2, 71786.72, 7695237, 78, 3, 0
100, 3231, 18, 22, 0, 0, 15.12%, 2, 0, 2, 80044.04, 8094887, 78, 3, 0
105, 3383, 17, 22, 0, 0, 15.12%, 2, 0, 2, 79315.34, 8473037, 78, 3, 0
110, 3562, 14, 22, 0, 0, 15.12%, 2, 0, 2, 87391.95, 8919237, 78, 3, 0
115, 3730, 19, 22, 0, 0, 15.12%, 2, 0, 2, 82177.26, 9340262, 78, 3, 0
116, 3747, 0, 22, 0, 0, 15.12%, 2, 0, 2, 70140.28, 9382772, 78, 3, 0
